00010000000000000000000000000000
00001001000000010000001111101000
00010001001010010100100000000000
00010001010010100101000000000000
00000000010010000000000000000000
00000000011010000000000000000001
00000000100010000000000000000010
00000101000000000000001111101000
00010100000000000000000000000011
00011000000000000000000000000000
00011000000000000000000000000000
00000000101010000000000000000000
00001100110001010001100000000000
00011000000000000000000000000000
00011000000000000000000000000000
00011000000000000000000000000000
00011000000000000000000000000000